1.3327246
1.3005419
1.3045005
1.3369476
1.3759964
1.4060059
1.4131453
1.4051328
1.3917665
1.3809628
1.3754189
1.3744829
1.3777292
1.3820101
1.3841661
1.3834251
1.3809556
1.3794609
1.3796123
1.3796624
1.3791409
1.3785671
1.3781807
1.3777206
1.3769996
1.3764181
1.3757998
1.3747983
1.3740613
1.3733186
1.372318
1.3716041
1.3708049
1.3698012
1.3689917
1.368409
1.3673652
1.3673939
1.3669567
1.3677654
1.3666952
1.3675388
1.3677044
1.3682168
1.3692479
1.3706995
1.372292
1.3746649
1.376932
1.3789921
1.3809266
1.3810446
1.3817695
1.3844707
1.3826995
1.3838167
1.3831248
1.3862311
1.3837787
1.3844424
1.3841673
1.3837457
1.377187
1.3836073
1.3835163
1.3853881
1.3849003
1.3845062
1.3841798
1.3840008
1.3834461
1.3828441
1.3945674
1.3278164
1.3669242
1.3952218
1.3909395
1.3884854
1.3873636
1.3874164
1.3874573
1.3871604
1.3869343
1.3866524
1.3862941
1.3860366
1.3856505
1.3851362
1.3860326
1.3882921
1.3836026
1.3860842
1.3901644
1.3834506
1.3837409
1.3874979
1.3883421
1.3873805
1.3868326
1.3865076
1.3859034
1.3853874
1.3868436
1.387819
1.381584
1.3957477
1.3905715
1.3855461
1.3863052
1.3863586
1.3863587
1.3861371
1.3855338
1.3839326
1.3844755
1.3722833
1.4002548
1.3620169
1.3893967
1.3897289
1.3886933
1.3878185
1.3871084
1.3865125
1.3862265
1.386039
1.3860396
1.3859651
1.3857769
1.3858409
1.3853668
1.3849783
1.38545
1.3854356
1.3854519
1.3839945
1.3863993
1.3859744
1.38501
1.3884089
1.3878983
1.3832918
1.3826985
1.3811308
1.3908104
1.3891888
1.3871332
1.3874744
1.3868775
1.3860731
1.3855263
1.3848648
1.384597
1.3855617
1.3797264
1.3858618
1.3875628
1.387412
1.3865509
1.3860447
1.3851161
1.384829
1.3706738
1.4029106
1.3485049
1.3756909
1.357891
1.3399297
1.3799517
1.3883232
1.3879657
1.3874484
1.3867873
1.386738
1.3864578
1.386078
1.3867447
1.3861159
1.3866104
1.3857139
1.3870031
1.3845819
1.3878882
1.3837438
1.3900717
1.3831154
1.3917453
1.3821267
1.3914614
1.3912414
1.3846995
1.3874114
1.3891417
1.3853749
1.3874992
1.3888458
1.3847221
1.3873291
1.3890874
1.3841093
1.3883213
1.3874346
1.3845198
1.3882623
1.3869807
1.3848675
1.3865514
1.3870708
1.3864204
1.3856494
1.3858565
1.3860749
1.3852788
1.385809
1.3851752
1.3849759
1.3894621
1.365797
1.3538932
1.3638759
1.3857555
1.3891379
1.3893468
1.3880731
1.3875073
1.3872021
1.386859
1.3870308
1.386096
1.387659
1.3847514
1.3876666
1.3920231
1.3821853
1.3863355
1.3898259
1.3869212
1.3856188
1.3872912
1.3878517
